[optimizer]
step_rate=15
learning_rate=0.0002655779477978724
gamma=0.8222075897575044
min_lr=0.0001
type=Adam

[architecture]
d_model=156
nhead=1
dropout=0.15150679520084973
max_len=2360
num_decoder_layers=2
num_encoder_layers=7
dim_feedforward=1126
activation=relu

[pipeline]
num_epochs=50

[loss]
p=2.0

[dataloader]
batch_size=10

